
1
0011223344 1 John 0 0 0 100
0011223345 1 John 0 0 0 100
0011223346 1 John 0 0 0 100
0011223348 1 John 0 0 0 100
0011223349 1 John 0 0 1 99
0011223350 1 John 0 0 0 100
0011223351 1 John 0 33 33 34
0011223347 1 John 0 0 0 100
0
2
0011223348
0
5
0
3
John
0
1
0011223344 1 John 0 0 0 100
0011223345 1 John 0 0 0 100
0011223346 1 John 0 0 0 100
0011223348 1 John 0 0 0 100
0011223349 1 John 0 0 1 99
0011223350 1 John 0 0 0 100
0011223351 1 John 0 33 33 34
0011223347 1 John 0 0 0 100
0
0


1
0011223344 1 John 79 98 91 100
0022334455 1 Tom 59 72 60 81
0011223344 2 Alice 100 100 100 100
2423475629 2 John 60 80 30 99
0
3
0022334455
John
0
5
1
2
0011223344
0
5
0
4
0

